0.7093408017910703
ID:0.7093408017910703
Name:Manish
Mobile no:9889898989
Hindi:52
English: 25
MATH: 45
SCIENCE: 57
SST: 58
