1.0464002052692094
ID:1.0464002052692094
Name:HARISH 
Mobile no:95623625353
Hindi:58
English: 85
MATH: 58
SCIENCE: 85
SST: 59
