4.280719676974173
ID:4.280719676974173
Name:SUMITKUMAR
Mobile no:9560395257
Hindi:65
English: 56
MATH: 65
SCIENCE: 89
SST: 65
